0
0
0
0
0
0
0
0
2
2
2
0
0
0
0
0
0
0
0
0
0
0
0
0
0
0
2
2
2
2
2
2
2
7
0
0
0
0
0
0
0
0
2
0
2
2
2
2
7
7
2
2
2
2
7
0
0
0
0
0
2
2
2
2
2
7
2
7
7
7
2
2
2
2
7
7
0
0
0
0
2
2
7
2
7
7
7
2
3
3
2
2
2
2
7
7
0
0
0
0
0
2
7
2
7
3
7
6
3
3
2
2
2
2
7
7
7
0
0
0
0
7
2
2
7
3
7
6
7
5
2
2
2
2
2
2
2
2
7
0
0
0
2
2
2
5
7
7
7
2
2
2
2
2
2
2
2
2
2
7
0
0
0
2
2
2
7
8
8
2
2
2
2
7
2
2
2
2
7
7
0
0
0
2
2
2
2
7
2
2
2
2
7
7
7
7
7
7
7
0
0
0
0
7
2
2
2
2
2
2
7
7
7
7
7
7
0
0
0
0
0
0
8
8
7
7
7
7
7
7
7
7
7
7
7
0
0
0
0
0
0
8
8
8
1
7
7
7
7
7
7
7
7
7
7
0
0
0
0
0
0
8
8
8
8
8
7
7
7
7
7
7
7
8
8
0
0
0
0
0
0
8
1
8
8
8
0
0
0
1
8
8
8
8
8
0
0
0
0
0
0
0
0
0
0
0
0
0
0
8
8
8
8
8
8
0
0
0
0
0
0
0
0
0
0
0
0
0
0
1
1
8
8
8
8
0
0
0
0
0
0
0
0
0
0
0
0
0
0
1
1
1
1
8
0
0
0
0
0
0
0
0
0
0
0
0
0
0
0
0
1
1
1
8
0
0
0
0
0
0
0
0
0
0
0
0
0
0
0
0
0
1
8
0
0
0
0
0
0
0
